%% Pendulum Param
% ค่าที่ตั้งไว้เป้นค่าสูงสุดที่มอเตอร์สามารถหมุนได้โดยไม่เกิน 12V้
L = 0.1;     % [m]  (massless link)
mp = 0.05;   % [kg] (point mass)
g = 9.81;    % [m/s^2]
%% Motor Param 
% นำค่าที่ได้จาก lab1 มาใส่
kt = 0.06011821;
ke = 0.062308338304183;
Lm = 0.003501600000000;
R = 3.491010860000000;
b = 8.605496034653976e-06;
J = 6.706566154449857e-05;

